%YAML:1.0

# extrinsic parameters for Dataset UrbanNav-HK-TST-20210517. Be noted that the body is fixed at the IMU frame

################## Extrinsic parameter between IMU and Camera##################


################## Extrinsic parameter from Center Lidar to IMU##################
CENTER_LiDAR_T_IMU: !!opencv-matrix
   rows: 4
   cols: 4
   dt: d
   data: [ 1, 0, 0, 0,
           0, 1, 0, 0,
           0, 0, 1, 0.28, 
           0, 0, 0, 1]

################## Extrinsic parameter from Left Lidar to Center Lidar##################
# for ros: rosrun tf static_transform_publisher    -0.267094 -0.000706537    -0.224038   1.57928 0.0331277  -0.97384 /velodyne /laser_link 10
LEFT_LiDAR_T_CENTER_LiDAR: !!opencv-matrix
   rows: 4
   cols: 4
   dt: d
   data: [ -0.00848239, -0.561875,  -0.827179, -0.267094,
           0.999415,    -0.0321631, 0.0115987, -0.000706537,
          -0.0331216,   -0.826597, 0.561819,   -0.224038,
           0,           0,          0,            1]

################## Extrinsic parameter from Right Lidar to Center Lidar##################
# for ros: rosrun tf static_transform_publisher    0.323744 -0.00124153   -0.200876 3.08919 2.17349 3.12012 /velodyne /velodyne_right 10
LEFT_LiDAR_T_CENTER_LiDAR: !!opencv-matrix
   rows: 4
   cols: 4
   dt: d
   data: [ 0.566085,  0.0347042,  0.823616,    0.323744,
          -0.0296934, 0.999323,   -0.0216991, -0.00124153,
          -0.823812,  -0.0121725, 0.566732,   -0.200876,
          0,           0,           0,           1]


################## Extrinsic parameter between IMU and Grount Truth (SPAN-CPT)##################
body_T_SPAN: !!opencv-matrix
   rows: 4
   cols: 4
   dt: d
   data: [ 1, 0, 0, 0,
           0, 1, 0, 0,
           0, 0, 1, 0.14, 
           0, 0, 0, 1]
