%YAML:1.0
---
type: IMU
name: xsens
Gyr:
   unit: " rad/s"
   avg-axis:
      gyr_n: 1.0270904839480961e-02
      gyr_w: 9.1355383994881894e-05
   x-axis:
      gyr_n: 1.0220930786530373e-02
      gyr_w: 1.0298813991459308e-04
   y-axis:
      gyr_n: 1.0274163606891170e-02
      gyr_w: 8.3221598993689496e-05
   z-axis:
      gyr_n: 1.0317620125021342e-02
      gyr_w: 8.7856413076363080e-05
Acc:
   unit: " m/s^2"
   avg-axis:
      acc_n: 1.1197412605492375e-02
      acc_w: 1.1751767903346351e-04
   x-axis:
      acc_n: 1.2497890470179919e-02
      acc_w: 1.3574860375726287e-04
   y-axis:
      acc_n: 1.1299110889447581e-02
      acc_w: 9.2311660663327679e-05
   z-axis:
      acc_n: 9.7952364568496281e-03
      acc_w: 1.2449277267980000e-04
